STARLINK-2720           
1 48653U 21044R   24102.17458042 -.00002881  00000+0 -17464-3 0  9992
2 48653  53.0557  12.8832 0001425  85.7301 274.3850 15.06386558158575
STARLINK-2651           
1 48654U 21044S   24102.17089091  .00004642  00000+0  33032-3 0  9991
2 48654  53.0561  12.9019 0001204  81.9349 278.1777 15.06397116158576
STARLINK-2657           
1 48655U 21044T   24102.16721096  .00007999  00000+0  55541-3 0  9996
2 48655  53.0559  12.9137 0001353  75.9660 284.1479 15.06393440158571
STARLINK-2701           
1 48656U 21044U   24102.16351939 -.00000266  00000+0  10358-5 0  9992
2 48656  53.0554  12.9332 0001453  85.5923 274.5232 15.06396097158575
STARLINK-2646           
1 48642U 21044E   24102.15985870  .00019501  00000+0  13242-2 0  9996
2 48642  53.0555  12.9602 0001370 101.0904 259.0239 15.06406119158574
STARLINK-2647           
1 48658U 21044W   24102.15615694 -.00003131  00000+0 -19144-3 0  9999
2 48658  53.0557  12.9633 0001763  89.4045 270.7146 15.06387122158577
STARLINK-2233           
1 48579U 21041AC  24102.46767756  .00082455  00000+0  67790-3 0  9993
2 48579  53.0541  12.9713 0001473  62.7293 297.3874 15.69735758160238
STARLINK-2717           
1 48659U 21044X   24102.15246785  .00004118  00000+0  29526-3 0  9990
2 48659  53.0559  12.9830 0001637  90.3971 269.7205 15.06387376158573
STARLINK-1257           
1 45402U 20019AU  24102.18022832  .00069161  00000+0  23587-2 0  9991
2 45402  53.0466  13.0629 0007847 141.9470 218.2085 15.29714344225043
STARLINK-4298           
1 53177U 22083AX  24102.21593275  .00001874  00000+0  13582-3 0  9992
2 53177  53.2198  30.1919 0001468  90.7737 269.3423 15.08834341 96403
STARLINK-3190           
1 49766U 21115AU  24102.21321392  .00002784  00000+0  19290-3 0  9998
2 49766  53.2191  30.2223 0001445  93.8569 266.2589 15.08844741130386
STARLINK-3192           
1 49767U 21115AV  24102.20489625  .00000238  00000+0  33027-4 0  9999
2 49767  53.2214  30.2514 0001829 102.7161 257.4036 15.08838397130389
STARLINK-3204           
1 49759U 21115AM  24102.17545882  .00000522  00000+0  50917-4 0  9997
2 49759  53.2199  30.3839 0001440  98.1921 261.9235 15.08835263130373
STARLINK-1679           
1 46557U 20070AB  24102.55689759 -.00001056  00000+0 -52004-4 0  9997
2 46557  53.0562  50.5380 0001667 101.2269 258.8908 15.06393551194655
STARLINK-2269           
1 48447U 21040V   24102.56957040  .00001687  00000+0  18780-4 0  9998
2 48447  53.0542  50.6900 0001349  70.3273 289.7888 15.69719897161849
STARLINK-2447           
1 48110U 21027U   24102.59477952  .00000930  00000+0  81351-4 0  9996
2 48110  53.0558  50.9931 0001800  99.5060 260.6133 15.06400151167498
STARLINK-2448           
1 48111U 21027V   24102.58740691 -.00000008  00000+0  18391-4 0  9990
2 48111  53.0548  51.0007 0001499  94.1009 266.0151 15.06399696167493
STARLINK-1694           
1 46544U 20070N   24102.59109524  .00001359  00000+0  11011-3 0  9990
2 46544  53.0569  51.0097 0001601  90.3048 269.8125 15.06395073194643
STARLINK-3337           
1 50826U 22001Z   24102.54901653  .00056250  00000+0  23647-2 0  9999
2 50826  53.2162  51.0412 0002830  96.9600 263.1720 15.22898032125276
STARLINK-1682           
1 46577U 20070AX  24102.58372124  .00000975  00000+0  84331-4 0  9992
2 46577  53.0560  51.0440 0001551  88.0432 272.0735 15.06396040194645
STARLINK-1709           
1 46561U 20070AF  24102.59015000  .00001255  00000+0  10313-3 0  9993
2 46561  53.0567  51.0456 0001530  92.9406 267.1758 15.06396651194642
STARLINK-1671           
1 46554U 20070Y   24102.58003627  .00000995  00000+0  85660-4 0  9994
2 46554  53.0558  51.0622 0001472  84.2312 275.8845 15.06396505194645
STARLINK-2452           
1 48115U 21027Z   24102.57266374  .00000723  00000+0  67406-4 0  9998
2 48115  53.0558  51.1045 0001438  89.0583 271.0571 15.06396575167488
STARLINK-1660           
1 46574U 20070AU  24102.56160500 -.00000348  00000+0 -44330-5 0  9992
2 46574  53.0564  51.1456 0001558  97.4790 262.6376 15.06396996194648
STARLINK-1680           
1 46558U 20070AC  24102.55791936  .00000513  00000+0  53363-4 0  9993
2 46558  53.0550  51.1616 0001442  92.1307 267.9847 15.06396511194612
STARLINK-1677           
1 46576U 20070AW  24102.55425610 -.00003223  00000+0 -19767-3 0  9998
2 46576  53.0565  51.1779 0001677  90.6150 269.5031 15.06381068194644
STARLINK-2404           
1 48093U 21027B   24102.57637402  .00000628  00000+0  61072-4 0  9994
2 48093  53.0558  51.2805 0001466  85.6829 274.4327 15.06391868167480
STARLINK-2436           
1 48101U 21027K   24102.55057332 -.00001031  00000+0 -50364-4 0  9993
2 48101  53.0554  51.3966 0001427  90.5573 269.5579 15.06390551167485
STARLINK-3126           
1 49444U 21104AN  24102.37237293 -.00000489  00000+0 -12625-4 0  9990
2 49444  53.2173  99.5072 0001489  93.5838 266.5324 15.08838391133649
STARLINK-3099           
1 49446U 21104AQ  24102.36773526 -.00000356  00000+0 -42956-5 0  9999
2 49446  53.2180  99.5176 0001537  94.0511 266.0657 15.08835711133649
STARLINK-3792           
1 52339U 22045J   24102.28304713  .00000655  00000+0  59240-4 0  9991
2 52339  53.2173  99.5408 0001498  92.3035 267.8129 15.08838147110365
STARLINK-3128           
1 49441U 21104AK  24102.36037312 -.00000269  00000+0  12197-5 0  9996
2 49441  53.2166  99.5543 0001366  96.2293 263.8854 15.08839135133645
STARLINK-3260           
1 50205U 21125BB  24102.29509534  .00000084  00000+0  23393-4 0  9994
2 50205  53.2162  99.8445 0001373  88.9669 271.1481 15.08831070131879
STARLINK-3136           
1 49443U 21104AM  24102.29045618 -.00001115  00000+0 -51964-4 0  9994
2 49443  53.2183  99.8721 0001966 102.0750 258.0463 15.08824712133633
STARLINK-3849           
1 52343U 22045N   24102.28677505  .00011577  00000+0  74359-3 0  9990
2 52343  53.2155  99.8850 0001260  84.1644 275.9492 15.08875094110361
STARLINK-3831           
1 52332U 22045B   24102.28405543 -.00000476  00000+0 -11791-4 0  9999
2 52332  53.2165  99.9067 0001403  88.2479 271.8674 15.08830689110358
STARLINK-3847           
1 52333U 22045C   24102.27941246 -.00000835  00000+0 -34344-4 0  9992
2 52333  53.2169  99.9177 0001520  91.0287 269.0880 15.08838211110340
STARLINK-3889           
1 52331U 22045A   24102.27204915  .00000502  00000+0  49628-4 0  9995
2 52331  53.2169  99.9490 0001441 100.2143 259.9012 15.08840639110355
STARLINK-3814           
1 52335U 22045E   24102.26468983  .00000896  00000+0  74374-4 0  9997
2 52335  53.2164  99.9822 0001394  92.9122 267.2030 15.08842360110359
STARLINK-3079           
1 49433U 21104AB  24102.25732441 -.00000844  00000+0 -34942-4 0  9991
2 49433  53.2178 100.0150 0001507  85.1310 274.9854 15.08837836134713
STARLINK-3797           
1 52337U 22045G   24102.20949574 -.00000357  00000+0 -43693-5 0  9998
2 52337  53.2157 100.2306 0001413 103.7049 256.4100 15.08838693110348
