STARLINK-2688           
1 48660U 21044Y   24102.48051646  .00001003  00000+0  86279-4 0  9997
2 48660  53.0582  11.5133 0001715  88.8758 271.2427 15.06387692158625
STARLINK-2754           
1 48641U 21044D   24102.47683092  .00014618  00000+0  99838-3 0  9991
2 48641  53.0550  11.5245 0001565  79.6103 280.5062 15.06393123158622
STARLINK-2704           
1 48643U 21044F   24102.47219741  .00002053  00000+0  15667-3 0  9997
2 48643  53.0556  11.5379 0001454  84.4869 275.6285 15.06400240158629
STARLINK-2695           
1 48644U 21044G   24102.46945580  .00012502  00000+0  85695-3 0  9992
2 48644  53.0549  11.5602 0001415  79.8018 280.3130 15.06388237158625
STARLINK-2733           
1 48645U 21044H   24102.46577310  .00012359  00000+0  84735-3 0  9999
2 48645  53.0552  11.5761 0001697 103.6432 256.4746 15.06390940158625
STARLINK-2732           
1 48646U 21044J   24102.46208849  .00000999  00000+0  85958-4 0  9994
2 48646  53.0558  11.5907 0001455  83.7424 276.3731 15.06392467158626
STARLINK-2691           
1 48647U 21044K   24102.45840031 -.00003015  00000+0 -18368-3 0  9993
2 48647  53.0568  11.6101 0001659  83.4651 276.6526 15.06384141158625
STARLINK-2673           
1 48649U 21044M   24102.45471178 -.00002243  00000+0 -13180-3 0  9996
2 48649  53.0562  11.6255 0001391  84.2361 275.8786 15.06387187158612
STARLINK-2672           
1 48650U 21044N   24102.45102604  .00004064  00000+0  29160-3 0  9999
2 48650  53.0560  11.6425 0001232 100.9708 259.1420 15.06397099158619
STARLINK-2731           
1 48651U 21044P   24102.44734140  .00010191  00000+0  70223-3 0  9999
2 48651  53.0565  11.6598 0001518 111.9877 248.1274 15.06389522158619
STARLINK-2727           
1 48652U 21044Q   24102.44364958  .00009667  00000+0  66705-3 0  9992
2 48652  53.0561  11.6761 0001381 110.1906 249.9232 15.06394845158617
STARLINK-2129           
1 47727U 21017F   24102.44271362  .00000610  00000+0  59830-4 0  9991
2 47727  53.0565  11.6804 0001421  90.4008 269.7144 15.06392643173926
STARLINK-2521           
1 48648U 21044L   24102.47316310  .00013475  00000+0  92199-3 0  9997
2 48648  53.0553  11.7052 0001374  80.1809 279.9335 15.06391404158623
STARLINK-2489           
1 48146U 21027BG  24102.58334491  .00656141  00000+0  10772-1 0  9991
2 48146  53.0546  55.5511 0001107 112.7451  69.6200 15.49865035  5677
STARLINK-1155           
1 45053U 20006K   24102.14905220  .00031185  00000+0  60869-3 0  9996
2 45053  52.9852  55.7889 0003920 132.1434 227.9905 15.47234772232962
STARLINK-4088           
1 53155U 22083Z   24102.08298443  .00001321  00000+0  10104-3 0  9996
2 53155  53.2177  55.7957 0001305  96.0001 264.1140 15.08843411 96681
STARLINK-4093           
1 53157U 22083AB  24102.07563232  .00000353  00000+0  40251-4 0  9999
2 53157  53.2214  55.8310 0001736  95.0878 265.0312 15.08838073 96047
STARLINK-1273           
1 45367U 20019H   24102.60720974  .00001676  00000+0  13138-3 0  9999
2 45367  53.0551  55.9408 0001346  88.6007 271.5136 15.06400629224668
STARLINK-1302           
1 45375U 20019R   24102.60353959  .00000880  00000+0  77950-4 0  9992
2 45375  53.0551  55.9561 0001664  90.5624 269.5556 15.06404793224666
STARLINK-1306           
1 45362U 20019C   24102.59986030 -.00000499  00000+0 -14616-4 0  9996
2 45362  53.0549  55.9729 0001402  88.0507 272.0643 15.06387308224654
STARLINK-2633           
1 48435U 21040H   24102.59616141  .00001623  00000+0  12783-3 0  9998
2 48435  53.0554  55.9981 0001344  92.6362 267.4781 15.06395847161769
STARLINK-1295           
1 45373U 20019P   24102.59247676  .00000581  00000+0  57889-4 0  9993
2 45373  53.0558  56.0094 0001476  86.6104 273.5053 15.06395085224664
STARLINK-1300           
1 45374U 20019Q   24102.58879431  .00000549  00000+0  55725-4 0  9994
2 45374  53.0556  56.0221 0001289  90.2707 269.8430 15.06402500224665
STARLINK-1305           
1 45377U 20019T   24102.58139510  .00000440  00000+0  48426-4 0  9994
2 45377  53.0547  56.0545 0001596  87.2258 272.8914 15.06407648224664
STARLINK-1276           
1 45368U 20019J   24102.57775445 -.00002017  00000+0 -11659-3 0  9997
2 45368  53.0549  56.0720 0001573  95.8415 264.2753 15.06389599224666
STARLINK-1281           
1 45370U 20019L   24102.56667369 -.00000136  00000+0  97544-5 0  9992
2 45370  53.0553  56.1211 0001693  92.9736 267.1447 15.06393762224666
STARLINK-1278           
1 45408U 20019BA  24102.56298062  .00000533  00000+0  54691-4 0  9999
2 45408  53.0550  56.1369 0001404  92.5105 267.6045 15.06396167224374
STARLINK-1280           
1 45388U 20019AE  24102.55929798  .00000151  00000+0  29010-4 0  9995
2 45388  53.0551  56.1532 0001455  94.0463 266.0692 15.06393068224642
STARLINK-1277           
1 45369U 20019K   24102.60575956  .00000203  00000+0  33094-4 0  9998
2 45369  53.0561  56.2483 0001472  96.0204 264.0952 15.05588190224662
STARLINK-5105           
1 54001U 22125AP  24102.35663517  .00000759  00000+0  11122-4 0  9998
2 54001  53.2172  93.6060 0001163  78.7282 281.3867 15.69708304 84348
STARLINK-4047           
1 53243U 22086B   24102.36631512  .00000700  00000+0  62074-4 0  9990
2 53243  53.2166  94.2167 0001374  87.4408 272.6742 15.08841795 95997
STARLINK-5145           
1 54008U 22125AW  24102.35158573  .00000908  00000+0  75136-4 0  9997
2 54008  53.2171  94.2324 0001229  96.7503 263.3629 15.08843348 84339
STARLINK-5119           
1 53986U 22125Y   24102.35528888  .00011241  00000+0  72287-3 0  9996
2 53986  53.2151  94.2546 0001520  95.6845 264.4321 15.08859199 84329
STARLINK-5109           
1 54002U 22125AQ  24102.35896271  .00001090  00000+0  86596-4 0  9990
2 54002  53.2183  94.2959 0001561  96.5901 263.5269 15.08837035 84337
STARLINK-5149           
1 53981U 22125T   24102.36264746  .00000874  00000+0  72998-4 0  9992
2 53981  53.2163  94.3144 0001336  89.4217 270.6928 15.08837893 84331
STARLINK-5103           
1 53983U 22125V   24102.37000837  .00001275  00000+0  98201-4 0  9995
2 53983  53.2166  94.3406 0001374  91.3128 268.8021 15.08844799 84338
STARLINK-5126           
1 54012U 22125BA  24102.37370015  .00000099  00000+0  24300-4 0  9999
2 54012  53.2171  94.3635 0001413  87.1132 273.0022 15.08839578 84332
STARLINK-5118           
1 53991U 22125AD  24102.38474805  .00003296  00000+0  22498-3 0  9994
2 53991  53.2164  94.3737 0001475  97.5509 262.5650 15.08856676 84320
STARLINK-5055           
1 54015U 22125BD  24102.37738078  .00000375  00000+0  41635-4 0  9996
2 54015  53.2173  94.3844 0001479  94.5177 265.5984 15.08842716 84333
STARLINK-5098           
1 54013U 22125BB  24102.38106354  .00000805  00000+0  68659-4 0  9994
2 54013  53.2162  94.4113 0001443  92.2609 267.8548 15.08843493 84339
STARLINK-4131           
1 53246U 22086E   24102.38840882  .00000690  00000+0  61447-4 0  9998
2 53246  53.2171  94.4235 0001710  99.7838 260.3347 15.08850139 94863
STARLINK-4125           
1 53244U 22086C   24102.39212392 -.00000015  00000+0  17145-4 0  9994
2 53244  53.2165  94.4854 0001399  96.0967 264.0185 15.08834896 95973
STARLINK-5127           
1 54010U 22125AY  24102.27798495  .00000240  00000+0  33183-4 0  9999
2 54010  53.2176  94.4987 0001445  93.3267 266.7890 15.08832941 84327
STARLINK-1133           
1 45064U 20006W   24102.45793792 -.00005784  00000+0 -36981-3 0  9997
2 45064  53.0551 156.6120 0001610  75.6212 284.4956 15.06392923231657
STARLINK-1161           
1 45068U 20006AA  24102.42380475 -.00000223  00000+0  39423-5 0  9996
2 45068  53.0545 156.6305 0001398  88.8739 271.2410 15.06389416231643
STARLINK-1150           
1 45067U 20006Z   24102.45056213 -.00001429  00000+0 -77081-4 0  9999
2 45067  53.0528 156.6472 0001404  66.4518 293.6618 15.06397059231654
STARLINK-1627           
1 46168U 20057BD  24102.46898434  .00020249  00000+0  13747-2 0  9994
2 46168  53.0511 156.6515 0000870 123.8477 236.2595 15.06390349201676
STARLINK-1151           
1 45081U 20006AP  24102.46163253 -.00000404  00000+0 -82249-5 0  9994
2 45081  53.0534 156.6734 0001170  85.6064 274.5059 15.06390430231650
STARLINK-2317           
1 47982U 21024F   24102.43950205 -.00003364  00000+0 -20716-3 0  9992
2 47982  53.0524 156.6944 0001151  79.1196 280.9922 15.06386936170396
STARLINK-1172           
1 45074U 20006AG  24102.43213159 -.00000442  00000+0 -10791-4 0  9998
2 45074  53.0530 156.7254 0001375  91.0559 269.0588 15.06394518231649
STARLINK-2280           
1 47861U 21021B   24102.42844872  .00000457  00000+0  49582-4 0  9997
2 47861  53.0519 156.7469 0001171  88.4830 271.6293 15.06404111171170
STARLINK-1177           
1 45078U 20006AL  24102.42475437 -.00006157  00000+0 -39498-3 0  9993
2 45078  53.0530 156.7614 0001149  86.9206 273.1914 15.06382864231633
STARLINK-1168           
1 45072U 20006AE  24102.42108448 -.00000186  00000+0  64390-5 0  9998
2 45072  53.0551 156.7729 0001659 100.5635 259.5540 15.06396686231643
STARLINK-1167           
1 45071U 20006AD  24102.41739118 -.00001948  00000+0 -11193-3 0  9999
2 45071  53.0517 156.7924 0001361  70.6088 289.5048 15.06403233231980
STARLINK-1132           
1 45044U 20006A   24102.41370319 -.00001389  00000+0 -74379-4 0  9998
2 45044  53.0528 156.8104 0001447  81.7707 278.3446 15.06404913231646
STARLINK-1153           
1 45080U 20006AN  24102.41002209  .00001091  00000+0  92117-4 0  9996
2 45080  53.0521 156.8255 0001365  83.0135 277.1009 15.06392712231640
STARLINK-2283           
1 48014U 21024AP  24102.44321251  .00000679  00000+0  64466-4 0  9998
2 48014  53.0546 156.8396 0001329  90.5100 269.6041 15.06391525170441
STARLINK-1174           
1 45075U 20006AH  24102.39895693 -.00004982  00000+0 -31581-3 0  9995
2 45075  53.0538 156.8758 0001444  75.8937 284.2213 15.06399038231641
STARLINK-2264           
1 48028U 21024BD  24102.47272866 -.00000203  00000+0  52671-5 0  9993
2 48028  53.0527 156.9397 0001187  87.7202 272.3922 15.06393723170441
STARLINK-1170           
1 45073U 20006AF  24102.38052146 -.00001846  00000+0 -10507-3 0  9991
2 45073  53.0540 156.9606 0001564 130.4426 229.6700 15.06406684231638
STARLINK-1145           
1 45066U 20006Y   24102.36946750 -.00000866  00000+0 -39239-4 0  9999
2 45066  53.0528 157.0104 0001133 101.6453 258.4663 15.06393433231638
STARLINK-2294           
1 48020U 21024AV  24102.45429358 -.00003380  00000+0 -20809-3 0  9999
2 48020  53.0522 157.0222 0001576  77.0012 283.1153 15.06404329170384
STARLINK-5189           
1 54052U 22136B   24102.55216980  .00000878  00000+0  73288-4 0  9999
2 54052  53.2163 193.5050 0001394  82.6362 277.4788 15.08830714 82162
STARLINK-4782           
1 53933U 22119AZ  24102.55585227  .00000694  00000+0  61685-4 0  9994
2 53933  53.2159 193.5313 0001102  63.3913 296.7192 15.08854517 86727
STARLINK-5009           
1 53928U 22119AU  24102.55954650  .00008299  00000+0  53869-3 0  9991
2 53928  53.2171 193.5565 0001500  82.8564 277.2598 15.08856335 86728
STARLINK-4761           
1 53830U 22114N   24102.51168897 -.00002193  00000+0 -11964-3 0  9993
2 53830  53.2149 193.6990 0001488  82.8063 277.3098 15.08857524 87589
STARLINK-4771           
1 53833U 22114R   24102.51634042  .00000777  00000+0  66894-4 0  9993
2 53833  53.2159 193.7280 0001366  84.5519 275.5629 15.08834751 87583
STARLINK-4738           
1 53819U 22114B   24102.51537779 -.00000479  00000+0 -11999-4 0  9993
2 53819  53.2158 193.7292 0001715  83.3868 276.7320 15.08841951 87582
STARLINK-4760           
1 53828U 22114L   24102.51906470  .00003924  00000+0  26445-3 0  9998
2 53828  53.2165 193.7462 0001464  97.0866 263.0292 15.08845878 87589
STARLINK-4756           
1 53826U 22114J   24102.52274840  .00000589  00000+0  55067-4 0  9993
2 53826  53.2167 193.7698 0001159  83.4776 276.6348 15.08842961 87582
STARLINK-4649           
1 53831U 22114P   24102.52642556 -.00003426  00000+0 -19713-3 0  9994
2 53831  53.2166 193.7925 0001246  92.1042 268.0093 15.08859943 87580
STARLINK-4764           
1 53827U 22114K   24102.53379528 -.00000623  00000+0 -21063-4 0  9994
2 53827  53.2163 193.8356 0001305 100.0609 260.0530 15.08841763 87584
STARLINK-4757           
1 53824U 22114G   24102.53748882 -.00002290  00000+0 -12582-3 0  9991
2 53824  53.2165 193.8620 0001342  79.5932 280.5211 15.08838309 87492
STARLINK-4751           
1 53825U 22114H   24102.54117620  .00000970  00000+0  79040-4 0  9997
2 53825  53.2167 193.8832 0001365  89.2800 270.8348 15.08835273 87587
STARLINK-4758           
1 53820U 22114C   24102.54854583  .00000865  00000+0  72439-4 0  9996
2 53820  53.2175 193.9287 0001425  95.4044 264.7111 15.08836970 87587
STARLINK-4759           
1 53829U 22114M   24102.46387461  .00001195  00000+0  93172-4 0  9996
2 53829  53.2171 194.1125 0001760  94.7100 265.4093 15.08840556 87574
STARLINK-4043           
1 52836U 22062G   24102.51079329  .00002384  00000+0  16784-3 0  9996
2 52836  53.2161 283.8783 0002095  87.1709 272.9523 15.08845161100539
STARLINK-4092           
1 52838U 22062J   24102.50711387  .00000746  00000+0  64985-4 0  9991
2 52838  53.2199 283.8860 0001437  83.5321 276.5834 15.08838533100537
STARLINK-4208           
1 52844U 22062Q   24102.49239479  .00001587  00000+0  11780-3 0  9991
2 52844  53.2178 283.9615 0001285  87.7846 272.3293 15.08841938100535
STARLINK-4202           
1 52848U 22062U   24102.48871346  .00002786  00000+0  19303-3 0  9990
2 52848  53.2153 283.9782 0001723  84.2364 275.8825 15.08848224100535
STARLINK-4212           
1 52846U 22062S   24102.48231546  .00000467  00000+0  47422-4 0  9998
2 52846  53.2182 284.0155 0000981  91.6864 268.4240 15.08837527100536
STARLINK-4188           
1 52843U 22062P   24102.47768311  .00002812  00000+0  19477-3 0  9993
2 52843  53.2158 284.0278 0001006  86.0137 274.0970 15.08827576100538
STARLINK-4168           
1 52845U 22062R   24102.48137036 -.00000267  00000+0  13019-5 0  9991
2 52845  53.2188 284.0748 0001657  82.1484 277.9696 15.08831967100535
STARLINK-4083           
1 52832U 22062C   24102.46295524  .00000380  00000+0  41948-4 0  9998
2 52832  53.2176 284.0933 0001240  88.6690 271.4444 15.08839526100520
STARLINK-4086           
1 52833U 22062D   24102.45927598  .00003361  00000+0  22912-3 0  9992
2 52833  53.2169 284.1085 0001258  90.1872 269.9265 15.08840885100524
STARLINK-4326           
1 53081U 22077AQ  24102.40926096 -.00000678  00000+0 -48166-4 0  9991
2 53081  97.6552 284.1785 0002500 202.2887 157.8229 15.01264842 96309
STARLINK-4325           
1 53068U 22077AB  24102.42753771  .00000043  00000+0  79148-5 0  9995
2 53068  97.6538 284.2209 0002240  89.5899 270.5582 15.01258912 96306
STARLINK-4336           
1 53051U 22077J   24102.45160686  .00000361  00000+0  32677-4 0  9995
2 53051  97.6572 284.2357 0001916  85.8239 274.3204 15.01259816 96303
STARLINK-4350           
1 53045U 22077C   24102.46086334  .00000471  00000+0  41268-4 0  9994
2 53045  97.6584 284.2398 0002003 127.4114 232.7293 15.01260662 96315
STARLINK-4331           
1 53046U 22077D   24102.45925741  .00000724  00000+0  60934-4 0  9990
2 53046  97.6578 284.2435 0002361 102.3900 257.7589 15.01260314 96312
STARLINK-4329           
1 53087U 22077AW  24102.46454342  .00002224  00000+0  17757-3 0  9991
2 53087  97.6522 284.2458 0003564 125.1161 235.0398 15.01279861 96313
STARLINK-4333           
1 53088U 22077AX  24102.46271248  .00000435  00000+0  38447-4 0  9996
2 53088  97.6575 284.2533 0003232 149.0893 211.0522 15.01260332 96311
STARLINK-4318           
1 53086U 22077AV  24102.46641539  .00000070  00000+0  10035-4 0  9996
2 53086  97.6557 284.2534 0003411 171.8328 188.2952 15.01259169 96313
STARLINK-4319           
1 53084U 22077AT  24102.46826454  .00000151  00000+0  16327-4 0  9995
2 53084  97.6557 284.2542 0003567 176.6872 183.4376 15.01259976 96312
STARLINK-4321           
1 53082U 22077AR  24102.47011402  .00000431  00000+0  38167-4 0  9990
2 53082  97.6555 284.2558 0003612 186.7444 173.3732 15.01261142 96315
STARLINK-4348           
1 53075U 22077AJ  24102.48122368  .00000077  00000+0  10594-4 0  9997
2 53075  97.6549 284.2563 0000910 189.7292 170.3914 15.01260260 96317
STARLINK-4349           
1 53044U 22077B   24102.45530533  .00000955  00000+0  78897-4 0  9992
2 53044  97.6573 284.2564 0001822  90.0637 270.0796 15.01262080 96319
STARLINK-4362           
1 53043U 22077A   24102.45900948  .00000844  00000+0  70287-4 0  9994
2 53043  97.6580 284.2566 0002618 114.2244 245.9254 15.01263815 96312
STARLINK-4324           
1 53085U 22077AU  24102.46295640  .00000462  00000+0  40559-4 0  9992
2 53085  97.6573 284.2572 0003318 150.3011 209.8402 15.01261189 96314
STARLINK-4327           
1 53079U 22077AN  24102.47196302  .00000838  00000+0  69855-4 0  9998
2 53079  97.6555 284.2577 0003048 206.4854 153.6214 15.01258817 96311
STARLINK-4315           
1 53077U 22077AL  24102.47381517  .00000248  00000+0  23916-4 0  9993
2 53077  97.6553 284.2593 0003783 200.4463 159.6611 15.01260205 96312
STARLINK-4330           
1 53080U 22077AP  24102.47566413  .00000114  00000+0  13454-4 0  9995
2 53080  97.6551 284.2613 0002935 222.0428 138.0572 15.01259563 96318
STARLINK-4346           
1 53073U 22077AG  24102.48332198 -.00000239  00000+0 -14026-4 0  9995
2 53073  97.6550 284.2617 0000621 112.0212 248.1078 15.01257890 96317
STARLINK-4322           
1 53078U 22077AM  24102.47751630  .00000353  00000+0  32077-4 0  9996
2 53078  97.6551 284.2631 0002581 211.3666 148.7404 15.01263664 96316
STARLINK-4347           
1 53076U 22077AK  24102.47961196  .00000615  00000+0  52507-4 0  9995
2 53076  97.6550 284.2700 0001775 204.0355 156.0786 15.01261334 96315
STARLINK-4328           
1 53071U 22077AE  24102.48307537 -.00000223  00000+0 -12810-4 0  9994
2 53071  97.6548 284.2711 0000462 170.1057 190.0176 15.01258942 96315
STARLINK-4310           
1 53074U 22077AH  24102.48677961  .00000627  00000+0  53412-4 0  9997
2 53074  97.6534 284.2742 0000776 107.6262 252.5047 15.01264818 96318
STARLINK-4323           
1 53069U 22077AC  24102.48492619  .00000091  00000+0  11659-4 0  9998
2 53069  97.6543 284.2759 0000537 112.6132 247.5149 15.01260099 96311
STARLINK-4344           
1 53072U 22077AF  24102.47937643  .00002297  00000+0  18334-3 0  9998
2 53072  97.6548 284.2826 0001186 190.3335 169.7865 15.01272885 96310
STARLINK-4317           
1 53058U 22077R   24102.52036879  .00000068  00000+0  98622-5 0  9993
2 53058  97.6573 284.2853 0001774  93.8400 266.3027 15.01251660 96317
STARLINK-4306           
1 53067U 22077AA  24102.48862835  .00000397  00000+0  35495-4 0  9990
2 53067  97.6531 284.2861 0000768 115.4228 244.7076 15.01262817 96311
STARLINK-4342           
1 53070U 22077AD  24102.49049062 -.00001534  00000+0 -11488-3 0  9995
2 53070  97.6535 284.2887 0001249  90.3118 269.8249 15.01260215 96311
STARLINK-4312           
1 53065U 22077Y   24102.49233405  .00000949  00000+0  78449-4 0  9993
2 53065  97.6537 284.2913 0001224  94.4529 265.6835 15.01255508 96315
STARLINK-4308           
1 53061U 22077U   24102.49603169 -.00001879  00000+0 -14174-3 0  9996
2 53061  97.6543 284.2970 0001645  60.0733 300.0655 15.01265945 96314
STARLINK-4309           
1 53066U 22077Z   24102.49072662  .00000317  00000+0  29244-4 0  9998
2 53066  97.6535 284.2971 0001611  90.1613 269.9795 15.01251599 96313
STARLINK-4320           
1 53059U 22077S   24102.49815244  .00000507  00000+0  44032-4 0  9994
2 53059  97.6543 284.2993 0002435  72.0098 288.1392 15.01257582 96313
STARLINK-4313           
1 53064U 22077X   24102.49788920 -.00000944  00000+0 -68916-4 0  9994
2 53064  97.6543 284.2993 0002317  45.9478 314.1937 15.01255714 96319
STARLINK-4311           
1 53062U 22077V   24102.49976192 -.00001058  00000+0 -77769-4 0  9995
2 53062  97.6545 284.3018 0002601  67.0127 293.1372 15.01248286 96315
STARLINK-4252           
1 53057U 22077Q   24102.50161539 -.00002037  00000+0 -15409-3 0  9992
2 53057  97.6545 284.3040 0002905  66.7079 293.4450 15.01242658 96310
STARLINK-4305           
1 53060U 22077T   24102.50344219  .00000996  00000+0  82139-4 0  9999
2 53060  97.6545 284.3066 0002655  83.7855 276.3672 15.01262999 96311
STARLINK-4338           
1 53055U 22077N   24102.50530447 -.00000333  00000+0 -21325-4 0  9990
2 53055  97.6553 284.3083 0002360  54.2079 305.9364 15.01246003 96312
STARLINK-4337           
1 53053U 22077L   24102.50716469  .00002177  00000+0  17407-3 0  9999
2 53053  97.6547 284.3111 0003085  63.8638 296.2904 15.01258653 96313
STARLINK-4314           
1 53056U 22077P   24102.50898920  .00002016  00000+0  16150-3 0  9991
2 53056  97.6553 284.3131 0003046  80.0777 280.0791 15.01269075 96312
STARLINK-4339           
1 53054U 22077M   24102.51270264 -.00001468  00000+0 -10969-3 0  9999
2 53054  97.6562 284.3156 0002432  92.6189 267.5314 15.01264668 96315
STARLINK-4341           
1 53052U 22077K   24102.51455052  .00001097  00000+0  89974-4 0  9996
2 53052  97.6564 284.3179 0002205  85.8704 274.2772 15.01262405 96315
STARLINK-4343           
1 53050U 22077H   24102.51640278  .00001353  00000+0  10990-3 0  9996
2 53050  97.6566 284.3193 0002107  84.4674 275.6791 15.01258193 96318
STARLINK-4345           
1 53049U 22077G   24102.51086402  .00000733  00000+0  61636-4 0  9992
2 53049  97.6559 284.3196 0002950  77.7808 282.3746 15.01259060 96310
STARLINK-4355           
1 53048U 22077F   24102.51849794  .00000754  00000+0  63284-4 0  9996
2 53048  97.6569 284.3205 0001640  91.3906 268.7506 15.01265109 96310
STARLINK-4251           
1 53083U 22077AS  24102.52381295  .00000468  00000+0  41063-4 0  9996
2 53083  97.6575 284.3228 0001749  95.1976 264.9448 15.01260354 96321
STARLINK-4352           
1 53047U 22077E   24102.50554115  .00000013  00000+0  55841-5 0  9993
2 53047  97.6548 284.3380 0002701  51.0196 309.1269 15.01258354 96324
STARLINK-4307           
1 53063U 22077W   24102.52010490  .00001333  00000+0  10837-3 0  9996
2 53063  97.6568 284.3386 0001385  91.1189 269.0194 15.01260982 96325
STARLINK-3694           
1 51957U 22025B   24102.51118746  .00002507  00000+0  19519-3 0  9991
2 51957  53.0536 284.3934 0000485  30.6707 329.4310 15.04772357115789
STARLINK-3691           
1 51960U 22025E   24102.51107535  .00000324  00000+0  42143-4 0  9994
2 51960  53.0536 284.4070 0001198  87.3328 272.7798 15.04767400115788
STARLINK-3735           
1 52116U 22029AE  24102.36864860  .00000551  00000+0  52698-4 0  9994
2 52116  53.2174 329.5175 0001109  87.8038 272.3081 15.08846323115512
STARLINK-3736           
1 52113U 22029AB  24102.36497269 -.00000039  00000+0  15614-4 0  9995
2 52113  53.2189 329.5321 0001412  88.0542 272.0612 15.08843547115510
STARLINK-3743           
1 52118U 22029AG  24102.36128976  .00000893  00000+0  74149-4 0  9991
2 52118  53.2174 329.5502 0001272  95.5040 264.6098 15.08845948115512
STARLINK-3685           
1 52115U 22029AD  24102.35761197  .00000402  00000+0  43327-4 0  9995
2 52115  53.2165 329.5679 0001236  89.9657 270.1476 15.08846276115512
STARLINK-3709           
1 52102U 22029Q   24102.35489305  .00013238  00000+0  84812-3 0  9993
2 52102  53.2152 329.5792 0001206 100.5258 259.5870 15.08846544115511
STARLINK-3534           
1 52120U 22029AJ  24102.35392826 -.00001524  00000+0 -77648-4 0  9991
2 52120  53.2179 329.5850 0001148  79.3488 280.7633 15.08854355115521
STARLINK-3738           
1 52117U 22029AF  24102.35025357  .00011534  00000+0  74150-3 0  9993
2 52117  53.2165 329.6009 0000966  79.8980 280.2121 15.08844497115521
STARLINK-3726           
1 52122U 22029AL  24102.34657947  .00001497  00000+0  11212-3 0  9991
2 52122  53.2175 329.6185 0001189 106.8176 253.2947 15.08842363115514
STARLINK-3684           
1 52124U 22029AN  24102.33921586  .00000464  00000+0  47237-4 0  9995
2 52124  53.2200 329.6506 0001422  93.7709 266.3445 15.08840673115518
STARLINK-3717           
1 52096U 22029J   24102.33552939  .00001114  00000+0  88029-4 0  9992
2 52096  53.2179 329.6656 0001202  85.7210 274.3920 15.08847478115507
STARLINK-3730           
1 52139U 22029BD  24102.33183514  .00003881  00000+0  26165-3 0  9994
2 52139  53.2180 329.6816 0001278  89.9663 270.1475 15.08857575115515
STARLINK-3705           
1 52103U 22029R   24102.32818049 -.00000769  00000+0 -30253-4 0  9990
2 52103  53.2184 329.7006 0001359  92.4003 267.7144 15.08840983115508
STARLINK-3698           
1 52108U 22029W   24102.32449096  .00001138  00000+0  89565-4 0  9996
2 52108  53.2179 329.7149 0001247  92.0491 268.0644 15.08842881115506
STARLINK-3706           
1 52105U 22029T   24102.32176305 -.00004646  00000+0 -27384-3 0  9992
2 52105  53.2193 329.7281 0001215  98.8709 261.2421 15.08861089115506
STARLINK-3687           
1 52110U 22029Y   24102.32080898  .00000191  00000+0  30104-4 0  9993
2 52110  53.2201 329.7310 0001338  93.3180 266.7965 15.08847394115500
STARLINK-2715           
1 48697U 21044BM  24101.91800874  .00101356  00000+0  33072-2 0  9992
2 48697  53.0447 330.1459 0008364 181.4592 178.6385 15.30948561159998
